0.661040
-0.094434
-3.399634
-4.155108
-1.983120
-1.133211
-1.794251
-4.249542
-0.377737
-0.944343
-2.833028
-3.021897
0.849908
-2.644160
-4.060674
-2.455291
-0.944343
-1.510948
-3.210765
-5.854925
-3.871805
-0.283303
-0.283303
-0.094434
1.038777
-2.266423
-3.494068
-1.510948
-2.455291
-2.927463
3.021897
1.227646
-0.566606
-4.060674
-2.644160
-3.777371
-1.227646
-2.360857
3.116331
1.794251
1.510948
-1.605383
-2.644160
0.094434
-1.038777
-1.699817
1.133211
1.038777
-2.266423
-3.210765
-0.188869
1.794251
-2.266423
-2.927463
-3.116331
-1.794251
-5.193885
-5.477188
-0.944343
-1.699817
-0.283303
-3.871805
-2.455291
-4.343976
-4.721714
-2.833028
-0.755474
-2.549726
-1.888685
-0.755474
0.188869
-0.755474
-2.455291
-1.699817
-0.566606
-0.283303
-0.661040
1.416514
0.755474
-1.227646
-3.777371
-7.365873
0.661040
-3.021897
-3.777371
-4.060674
-2.171988
-3.116331
-1.227646
-1.888685
-2.738594
-5.288320
-3.494068
-4.438411
-2.266423
-7.082571
-4.721714
-5.099451
-4.060674
-4.249542
-5.382754
-4.249542
-4.155108
-1.133211
-1.794251
0.566606
1.510948
-0.661040
-0.188869
-0.188869
-2.171988
-3.210765
2.644160
0.849908
-0.566606
-1.038777
-0.472171
3.210765
1.322080
-1.888685
-2.549726
-1.605383
-0.283303
-1.227646
2.171988
2.360857
-0.472171
-7.177005
-7.649177
-4.816148
-6.704834
-7.460308
-4.816148
0.188869
-6.704834
-3.399634
-4.532845
-7.743611
-3.588502
-5.949359
-6.893702
-2.266423
-7.365873
-7.177005
-6.704834
-1.510948
-6.893702
-1.510948
-5.949359
-4.816148
-1.983120
2.171988
-0.377737
-3.682937
3.494068
0.944343
-3.116331
-0.755474
-3.871805
-2.266423
-3.871805
-0.661040
-3.021897
0.283303
-4.721714
-4.910583
-5.760491
-6.610399
-0.661040
-4.249542
-4.155108
-3.494068
-4.155108
-3.494068
3.116331
-3.399634
-6.515965
-6.232662
-0.472171
-2.644160
-2.833028
-3.399634
-2.077554
-4.249542
-3.871805
0.849908
1.794251
0.283303
-2.927463
-1.983120
-6.138228
-0.849908
-1.983120
0.000000
-5.571622
1.888685
-4.816148
-5.193885
-5.477188
-3.399634
-1.038777
-2.833028
-2.455291
-2.738594
0.188869
-3.588502
-5.760491
-0.094434
-0.849908
0.000000
-5.571622
-1.227646
-5.382754
-3.682937
-5.005017
-1.699817
-0.377737
-4.155108
-2.644160
-2.077554
-1.983120
-5.005017
-1.794251
0.944343
-0.377737
-2.360857
-1.699817
-1.227646
-4.060674
-1.605383
1.888685
2.549726
-0.283303
-2.077554
-0.188869
2.360857
-2.833028
-1.983120
-1.133211
-1.605383
-2.833028
-2.644160
-1.794251
-0.377737
-0.755474
1.794251
-2.927463
-1.416514
4.627280
4.816148
4.249542
-1.416514
-2.927463
-2.360857
2.266423
-0.377737
-0.472171
-0.094434
3.116331
6.232662
6.232662
5.382754
0.000000
3.682937
1.510948
-1.888685
-3.682937
-2.644160
-4.532845
2.833028
1.133211
0.849908
5.005017
-0.283303
2.738594
-3.116331
-0.377737
4.155108
3.871805
4.910583
4.532845
14.920615
12.559759
16.053827
7.271439
12.182022
3.021897
11.520982
3.399634
3.305200
-0.472171
5.477188
6.799268
2.266423
-2.266423
-0.283303
-0.661040
-3.871805
0.000000
-1.888685
-5.760491
-3.116331
-5.760491
-2.455291
-4.343976
-6.893702
0.944343
-1.888685
-1.322080
-1.322080
-3.494068
0.472171
0.472171
-1.888685
-0.566606
-1.322080
0.472171
0.094434
-1.038777
-1.605383
-3.494068
-3.021897
-1.605383
-3.682937
-3.777371
-2.171988
1.510948
2.644160
-1.133211
0.188869
-1.510948
0.094434
2.455291
5.288320
-4.249542
-0.283303
-3.588502
-2.360857
-0.566606
-5.193885
-0.188869
-1.888685
-3.777371
-6.704834
-0.661040
-4.627280
-4.816148
-5.005017
-3.494068
-6.515965
-4.721714
-7.932479
-5.477188
-6.421531
-5.193885
-4.060674
2.644160
2.738594
0.000000
1.133211
-0.283303
-2.171988
-1.983120
-1.227646
-3.871805
-1.794251
-3.588502
-2.171988
0.755474
-2.927463
-2.927463
-3.871805
-2.738594
2.077554
-3.966240
-8.026914
-5.099451
0.755474
1.133211
-0.755474
-0.566606
-4.910583
-2.077554
1.416514
1.227646
-2.927463
-3.966240
-2.077554
-4.816148
0.188869
-1.888685
3.966240
-2.171988
-1.699817
-0.849908
0.849908
-2.549726
-2.738594
0.661040
-0.661040
0.661040
0.755474
-1.699817
-4.910583
-4.438411
-1.510948
3.210765
-3.399634
-3.210765
4.343976
-4.343976
3.777371
3.682937
-1.322080
3.871805
-1.038777
-0.283303
1.699817
0.472171
5.760491
-1.133211
-1.038777
1.699817
0.944343
-0.661040
-2.738594
2.549726
2.455291
1.888685
-1.038777
-2.455291
4.060674
-1.699817
2.455291
5.288320
8.404651
-2.455291
-3.777371
2.738594
-1.605383
2.738594
3.116331
-0.094434
5.477188
0.283303
-0.377737
4.532845
3.682937
-0.094434
-3.116331
-1.227646
-0.944343
4.816148
4.155108
0.755474
0.755474
0.661040
7.743611
-3.494068
1.510948
-1.794251
-1.133211
3.210765
7.554742
2.266423
-0.849908
-5.571622
-0.661040
-0.661040
1.699817
4.155108
0.000000
-0.188869
3.305200
-1.227646
2.077554
-0.283303
2.644160
7.554742
0.661040
0.000000
-1.888685
-2.549726
0.000000
-1.038777
0.661040
-2.360857
1.699817
-1.605383
-1.699817
-3.021897
-3.399634
2.833028
3.210765
0.755474
3.871805
5.760491
0.377737
-2.927463
2.644160
-0.566606
0.283303
2.455291
3.588502
3.871805
1.794251
0.661040
0.472171
5.949359
-0.188869
-4.438411
-2.077554
3.777371
1.416514
0.849908
4.816148
5.288320
-0.849908
1.322080
4.721714
6.232662
6.515965
0.755474
1.794251
-2.171988
-2.927463
4.721714
5.288320
1.322080
5.099451
1.227646
-1.699817
4.910583
-0.944343
4.816148
-0.849908
-1.605383
-1.227646
-3.588502
5.382754
-3.682937
-0.094434
2.455291
5.571622
0.000000
2.549726
-0.944343
-3.588502
0.944343
5.193885
-0.377737
4.155108
5.193885
2.455291
-2.360857
0.283303
3.494068
-0.188869
-1.322080
1.322080
-0.566606
4.721714
0.377737
0.283303
0.944343
1.510948
0.283303
5.005017
1.510948
-0.849908
0.661040
-3.305200
3.305200
-3.210765
1.227646
-0.472171
-1.227646
3.777371
0.661040
1.888685
-2.455291
0.377737
0.377737
2.833028
2.549726
2.927463
0.472171
4.910583
6.610399
3.494068
-1.038777
5.382754
0.849908
0.849908
-1.794251
-3.210765
2.455291
2.644160
0.661040
0.188869
2.455291
0.000000
1.510948
-5.854925
0.755474
3.116331
3.966240
-0.566606
1.699817
-5.477188
2.360857
7.743611
-0.849908
-0.755474
1.133211
3.210765
-0.755474
2.927463
2.455291
4.060674
6.327096
1.133211
6.232662
1.605383
-1.322080
-2.644160
2.266423
-1.416514
-4.155108
1.699817
-0.661040
6.138228
2.077554
4.249542
-0.661040
1.133211
3.871805
1.605383
0.094434
-1.038777
-0.944343
2.171988
-2.833028
1.605383
1.038777
-3.494068
-0.188869
3.777371
2.455291
-0.661040
1.605383
5.288320
0.944343
-0.566606
-2.927463
2.455291
-1.699817
-1.133211
-1.227646
5.005017
-0.283303
1.510948
-0.188869
-1.510948
4.155108
0.000000
-0.094434
2.266423
-4.910583
3.305200
1.416514
-1.416514
-4.438411
5.477188
1.983120
-0.944343
2.077554
0.849908
0.377737
0.755474
2.644160
5.288320
0.000000
-1.605383
1.227646
-6.043794
-1.983120
-2.455291
1.794251
-0.283303
-5.666057
-1.416514
5.099451
0.094434
-2.077554
-0.661040
3.871805
3.966240
-2.927463
1.416514
9.160125
0.566606
0.377737
-0.094434
0.094434
-4.249542
-0.472171
0.094434
0.377737
5.288320
3.021897
3.588502
0.944343
3.871805
1.227646
-1.605383
0.188869
-1.983120
-0.283303
3.116331
2.927463
5.760491
8.593519
2.833028
-1.322080
6.043794
-3.210765
-5.666057
7.082571
1.038777
-1.038777
3.588502
-0.094434
1.133211
-3.966240
-0.188869
1.605383
0.283303
-0.094434
-0.377737
2.455291
-0.566606
7.743611
-3.305200
0.000000
1.983120
2.644160
2.644160
4.532845
-0.283303
7.271439
-1.699817
0.283303
7.271439
2.266423
-0.944343
2.644160
1.699817
0.377737
1.133211
6.704834
6.043794
1.038777
0.472171
-0.661040
5.477188
2.171988
2.833028
-0.094434
5.005017
2.266423
0.094434
2.644160
1.510948
-1.227646
2.266423
-1.227646
-0.849908
4.060674
-1.133211
-1.133211
-5.949359
4.721714
4.532845
2.833028
-0.094434
2.833028
-0.188869
-1.133211
3.588502
1.133211
0.094434
2.927463
5.477188
7.743611
1.605383
-1.322080
4.532845
-3.966240
3.966240
-1.888685
0.944343
-2.266423
0.094434
5.005017
2.644160
4.532845
-2.644160
0.661040
4.627280
-0.377737
5.666057
-2.360857
4.816148
-1.605383
1.038777
-1.227646
-2.360857
2.644160
-0.661040
-4.343976
-2.171988
-1.322080
4.060674
2.455291
-1.510948
1.794251
4.343976
6.138228
-3.116331
-1.983120
4.438411
-1.416514
-2.833028
1.322080
-2.360857
0.661040
3.494068
5.005017
-0.377737
3.494068
3.021897
1.888685
-0.566606
1.605383
3.305200
3.305200
-3.305200
-2.360857
1.605383
5.005017
4.060674
5.477188
-3.494068
1.605383
4.249542
-0.755474
1.510948
0.094434
3.682937
0.566606
7.743611
-0.094434
1.794251
-3.588502
3.021897
0.472171
1.133211
3.682937
0.377737
4.060674
0.094434
1.888685
0.000000
-6.704834
0.944343
8.593519
1.038777
-0.849908
2.927463
1.322080
1.510948
4.249542
3.588502
-1.038777
4.910583
0.377737
1.888685
-1.699817
0.283303
-1.888685
1.227646
5.193885
3.682937
4.155108
-1.794251
8.310216
7.082571
4.910583
4.155108
-1.605383
-2.833028
2.266423
2.077554
9.443428
4.816148
0.188869
4.343976
-0.755474
6.799268
5.477188
0.755474
-0.094434
-2.171988
-2.360857
-6.610399
3.399634
0.188869
3.021897
-1.794251
1.038777
2.171988
1.605383
4.816148
1.322080
3.399634
2.644160
0.188869
0.661040
4.532845
-2.360857
-1.794251
-0.661040
-1.794251
-0.094434
2.171988
0.188869
3.682937
3.305200
3.305200
-0.944343
-0.377737
2.549726
1.794251
-2.644160
0.661040
-3.966240
-0.566606
3.588502
1.699817
3.116331
3.210765
2.360857
2.833028
4.155108
0.661040
-0.849908
-0.661040
1.416514
-0.094434
-1.699817
3.021897
-0.661040
0.188869
1.133211
-0.188869
3.399634
-0.849908
6.893702
1.038777
-1.038777
3.871805
-2.549726
-1.416514
-2.833028
-0.377737
-2.738594
0.000000
-0.283303
-3.116331
-3.399634
-4.438411
1.038777
0.566606
-0.188869
-1.699817
-4.249542
5.099451
-2.266423
-1.888685
-3.871805
-2.171988
-4.627280
-5.854925
-7.365873
-3.210765
-1.794251
-2.644160
3.210765
6.421531